0 0 0 0 0 0 0 0 0 0 0 0 
0 0.000542861 0.00103717 0.00143933 0.00171524 0.00184377 0.00181858 0.00164768 0.00135086 0.000955874 0.000494547 0 
0 0.00103717 0.00198158 0.00274993 0.00327706 0.00352262 0.00347449 0.00314795 0.00258086 0.00182622 0.000944845 0 
0 0.00143933 0.00274993 0.0038162 0.00454771 0.00488846 0.00482164 0.00436847 0.00358148 0.00253425 0.00131116 0 
0 0.00171524 0.00327706 0.00454771 0.00541941 0.00582544 0.00574576 0.00520568 0.00426782 0.00301988 0.0015624 0 
0 0.00184377 0.00352262 0.00488846 0.00582544 0.00626182 0.00617609 0.00559549 0.00458733 0.00324592 0.00167933 0 
0 0.00181858 0.00347449 0.00482164 0.00574576 0.00617609 0.00609144 0.00551869 0.00452429 0.00320126 0.00165621 0 
0 0.00164768 0.00314795 0.00436847 0.00520568 0.00559549 0.00551869 0.00499969 0.00409872 0.00290009 0.00150037 0 
0 0.00135086 0.00258086 0.00358148 0.00426782 0.00458733 0.00452429 0.00409872 0.00336003 0.00237738 0.00122993 0 
0 0.000955874 0.00182622 0.00253425 0.00301988 0.00324592 0.00320126 0.00290009 0.00237738 0.00168208 0.000870211 0 
0 0.000494547 0.000944845 0.00131116 0.0015624 0.00167933 0.00165621 0.00150037 0.00122993 0.000870211 0.000450193 0 
0 0 0 0 0 0 0 0 0 0 0 0 
